<?xml version="1.0"?>
<opencv_storage>
<Distortion type_id="opencv-matrix">
  <rows>5</rows>
  <cols>1</cols>
  <dt>f</dt>
  <data>
    2.49730706e-001 -2.74247384e+000 2.80625839e-002 2.66677104e-002
    6.15888548e+000</data></Distortion>
</opencv_storage>
