<?xml version="1.0"?>
<opencv_storage>
<Distortion type_id="opencv-matrix">
  <rows>5</rows>
  <cols>1</cols>
  <dt>f</dt>
  <data>
    1.81666136e-001 -6.39989138e-001 -3.18194448e-004 1.03811072e-002
    8.96191597e-001</data></Distortion>
</opencv_storage>
