<?xml version="1.0"?>
<opencv_storage>
<Distortion type_id="opencv-matrix">
  <rows>5</rows>
  <cols>1</cols>
  <dt>f</dt>
  <data>
    1.14745200e+000 -2.29335785e+001 3.04017439e-002 5.52273318e-002
    1.35299332e+002</data></Distortion>
</opencv_storage>
