<?xml version="1.0"?>
<opencv_storage>
<f1 type_id="opencv-matrix">
  <rows>3</rows>
  <cols>3</cols>
  <dt>f</dt>
  <data>
    1.63867493e+003 0. 3.57792603e+002 0. 1.63867493e+003
    8.82647095e+001 0. 0. 1.</data></f1>
</opencv_storage>
