<?xml version="1.0"?>
<opencv_storage>
<f2 type_id="opencv-matrix">
  <rows>5</rows>
  <cols>1</cols>
  <dt>f</dt>
  <data>
    6.57990932e-001 -1.27241116e+001 6.37442470e-002 2.08829753e-002
    6.82227173e+001</data></f2>
</opencv_storage>
