<?xml version="1.0"?>
<opencv_storage>
<Intrinsics type_id="opencv-matrix">
  <rows>3</rows>
  <cols>3</cols>
  <dt>f</dt>
  <data>
    7.44285278e+002 0. 3.45174347e+002 0. 7.44285278e+002
    2.44129349e+002 0. 0. 1.</data></Intrinsics>
</opencv_storage>
