<?xml version="1.0"?>
<opencv_storage>
<Intrinsics type_id="opencv-matrix">
  <rows>3</rows>
  <cols>3</cols>
  <dt>f</dt>
  <data>
    1.29207153e+003 0. 3.48546692e+002 0. 1.29207153e+003
    1.32252029e+002 0. 0. 1.</data></Intrinsics>
</opencv_storage>
