<?xml version="1.0"?>
<opencv_storage>
<Intrinsics type_id="opencv-matrix">
  <rows>3</rows>
  <cols>3</cols>
  <dt>f</dt>
  <data>
    6.59665894e+002 0. 3.42007843e+002 0. 6.59665894e+002
    2.48117538e+002 0. 0. 1.</data></Intrinsics>
</opencv_storage>
