<?xml version="1.0"?>
<opencv_storage>
<testdistortion type_id="opencv-matrix">
  <rows>5</rows>
  <cols>1</cols>
  <dt>f</dt>
  <data>
    3.70592505e-001 -3.48034048e+000 1.27445366e-002 1.43801207e-002
    8.18902397e+000</data></testdistortion>
</opencv_storage>
